v2.0 raw
00000000
00000000
00000000
00000000
00000000
00000000
00000000
00000000
00000000
00000000
00000000
00000000
00000000
00000000
00000000
00000000
00000000
00000000
00000000
00000000
00000000
00000000
00000000
00000000
00000000
00000000
00000000
00000000
00000000
00000000
00000000
00000000
00000000
00000000
00000000
00000000
00000000
00000000
00000000
00000000
00000000
00000000
00000000
001ffffe
03e827e3
7f882003
90082003
80082003
80002003
98002003
ff882003
03f87fe3
003ffffe
0003800c
00000000
00000000
00000000
00000000
00000000
00000000
00000000
00000000
00000000
00000000
